# Blender 5.0.1
# www.blender.org
o Cube
v -0.025000 0.486422 0.232325
v -0.025000 0.559174 0.232325
v -0.025000 0.486422 0.182325
v -0.025000 0.559174 0.182325
v 0.025000 0.486422 0.232325
v 0.025000 0.559174 0.232325
v 0.025000 0.486422 0.182325
v 0.025000 0.559174 0.182325
vn -1.0000 -0.0000 -0.0000
vn -0.0000 -0.0000 -1.0000
vn 1.0000 -0.0000 -0.0000
vn -0.0000 -0.0000 1.0000
vn -0.0000 -1.0000 -0.0000
vn -0.0000 1.0000 -0.0000
s 1
f 1//1 2//1 4//1 3//1
f 3//2 4//2 8//2 7//2
f 7//3 8//3 6//3 5//3
f 5//4 6//4 2//4 1//4
f 3//5 7//5 5//5 1//5
f 8//6 4//6 2//6 6//6
o Cube.002
v -0.025000 0.584918 0.181501
v -0.025000 0.475133 0.014326
v -0.025000 0.543124 0.208947
v -0.025000 0.433339 0.041773
v 0.025000 0.584918 0.181501
v 0.025000 0.475133 0.014326
v 0.025000 0.543124 0.208947
v 0.025000 0.433339 0.041773
vn -1.0000 -0.0000 -0.0000
vn -0.0000 -0.8359 0.5489
vn 1.0000 -0.0000 -0.0000
vn -0.0000 0.8359 -0.5489
vn -0.0000 0.5489 0.8359
vn -0.0000 -0.5489 -0.8359
s 1
f 9//7 10//7 12//7 11//7
f 11//8 12//8 16//8 15//8
f 15//9 16//9 14//9 13//9
f 13//10 14//10 10//10 9//10
f 11//11 15//11 13//11 9//11
f 16//12 12//12 10//12 14//12
o Cube.003
v -0.025000 0.473913 0.011208
v -0.025000 0.314964 -0.110181
v -0.025000 0.443566 0.050945
v -0.025000 0.284617 -0.070443
v 0.025000 0.473913 0.011208
v 0.025000 0.314964 -0.110181
v 0.025000 0.443566 0.050945
v 0.025000 0.284617 -0.070443
vn -1.0000 -0.0000 -0.0000
vn -0.0000 -0.6069 0.7947
vn 1.0000 -0.0000 -0.0000
vn -0.0000 0.6069 -0.7947
vn -0.0000 0.7947 0.6069
vn -0.0000 -0.7948 -0.6069
s 1
f 17//13 18//13 20//13 19//13
f 19//14 20//14 24//14 23//14
f 23//15 24//15 22//15 21//15
f 21//16 22//16 18//16 17//16
f 19//17 23//17 21//17 17//17
f 24//18 20//18 18//18 22//18
o Cube.004
v -0.025000 0.312163 -0.113443
v -0.025000 0.123486 -0.179783
v -0.025000 0.295578 -0.066274
v -0.025000 0.106901 -0.132614
v 0.025000 0.312163 -0.113443
v 0.025000 0.123486 -0.179783
v 0.025000 0.295578 -0.066274
v 0.025000 0.106901 -0.132614
vn -1.0000 -0.0000 -0.0000
vn -0.0000 -0.3317 0.9434
vn 1.0000 -0.0000 -0.0000
vn -0.0000 0.3317 -0.9434
vn -0.0000 0.9434 0.3317
vn -0.0000 -0.9434 -0.3317
s 1
f 25//19 26//19 28//19 27//19
f 27//20 28//20 32//20 31//20
f 31//21 32//21 30//21 29//21
f 29//22 30//22 26//22 25//22
f 27//23 31//23 29//23 25//23
f 32//24 28//24 26//24 30//24
o Cube.005
v -0.025000 0.171788 -0.172734
v -0.025000 -0.028211 -0.173486
v -0.025000 0.171600 -0.122735
v -0.025000 -0.028399 -0.123486
v 0.025000 0.171788 -0.172734
v 0.025000 -0.028211 -0.173486
v 0.025000 0.171600 -0.122735
v 0.025000 -0.028399 -0.123486
vn -1.0000 -0.0000 -0.0000
vn -0.0000 -0.0038 1.0000
vn 1.0000 -0.0000 -0.0000
vn -0.0000 0.0038 -1.0000
vn -0.0000 1.0000 0.0038
vn -0.0000 -1.0000 -0.0038
s 1
f 33//25 34//25 36//25 35//25
f 35//26 36//26 40//26 39//26
f 39//27 40//27 38//27 37//27
f 37//28 38//28 34//28 33//28
f 35//29 39//29 37//29 33//29
f 40//30 36//30 34//30 38//30
o Cube.006
v -0.025000 0.005597 -0.179597
v -0.025000 -0.182331 -0.111164
v -0.025000 0.022706 -0.132615
v -0.025000 -0.165222 -0.064182
v 0.025000 0.005597 -0.179597
v 0.025000 -0.182331 -0.111164
v 0.025000 0.022706 -0.132615
v 0.025000 -0.165222 -0.064182
vn -1.0000 -0.0000 -0.0000
vn -0.0000 0.3422 0.9396
vn 1.0000 -0.0000 -0.0000
vn -0.0000 -0.3422 -0.9396
vn -0.0000 0.9396 -0.3422
vn -0.0000 -0.9396 0.3422
s 1
f 41//31 42//31 44//31 43//31
f 43//32 44//32 48//32 47//32
f 47//33 48//33 46//33 45//33
f 45//34 46//34 42//34 41//34
f 43//35 47//35 45//35 41//35
f 48//36 44//36 42//36 46//36
o Cube.007
v -0.025000 -0.166688 -0.118555
v -0.025000 -0.332881 -0.007290
v -0.025000 -0.138871 -0.077007
v -0.025000 -0.305064 0.034258
v 0.025000 -0.166688 -0.118555
v 0.025000 -0.332881 -0.007290
v 0.025000 -0.138871 -0.077007
v 0.025000 -0.305064 0.034258
vn -1.0000 -0.0000 -0.0000
vn -0.0000 0.5563 0.8310
vn 1.0000 -0.0000 -0.0000
vn -0.0000 -0.5563 -0.8310
vn -0.0000 0.8310 -0.5563
vn -0.0000 -0.8310 0.5563
s 1
f 49//37 50//37 52//37 51//37
f 51//38 52//38 56//38 55//38
f 55//39 56//39 54//39 53//39
f 53//40 54//40 50//40 49//40
f 51//41 55//41 53//41 49//41
f 56//42 52//42 50//42 54//42
o Cube.008
v -0.025000 -0.336967 -0.001720
v -0.025000 -0.413379 0.183108
v -0.025000 -0.290760 0.017383
v -0.025000 -0.367172 0.202211
v 0.025000 -0.336967 -0.001720
v 0.025000 -0.413379 0.183108
v 0.025000 -0.290760 0.017383
v 0.025000 -0.367172 0.202211
vn -1.0000 -0.0000 -0.0000
vn -0.0000 0.9241 0.3821
vn 1.0000 -0.0000 -0.0000
vn -0.0000 -0.9241 -0.3821
vn -0.0000 0.3821 -0.9241
vn -0.0000 -0.3821 0.9241
s 1
f 57//43 58//43 60//43 59//43
f 59//44 60//44 64//44 63//44
f 63//45 64//45 62//45 61//45
f 61//46 62//46 58//46 57//46
f 59//47 63//47 61//47 57//47
f 64//48 60//48 58//48 62//48
o Cube.009
v -0.025000 -0.412367 0.232325
v -0.025000 -0.339616 0.232325
v -0.025000 -0.412367 0.182325
v -0.025000 -0.339616 0.182325
v 0.025000 -0.412367 0.232325
v 0.025000 -0.339616 0.232325
v 0.025000 -0.412367 0.182325
v 0.025000 -0.339616 0.182325
vn -1.0000 -0.0000 -0.0000
vn -0.0000 -0.0000 -1.0000
vn 1.0000 -0.0000 -0.0000
vn -0.0000 -0.0000 1.0000
vn -0.0000 -1.0000 -0.0000
vn -0.0000 1.0000 -0.0000
s 1
f 65//49 66//49 68//49 67//49
f 67//50 68//50 72//50 71//50
f 71//51 72//51 70//51 69//51
f 69//52 70//52 66//52 65//52
f 67//53 71//53 69//53 65//53
f 72//54 68//54 66//54 70//54
o Cube.010
v -0.012500 -0.351633 0.219825
v -0.012500 0.497300 0.219825
v -0.012500 -0.351633 0.194825
v -0.012500 0.497300 0.194825
v 0.012500 -0.351633 0.219825
v 0.012500 0.497300 0.219825
v 0.012500 -0.351633 0.194825
v 0.012500 0.497300 0.194825
vn -1.0000 -0.0000 -0.0000
vn -0.0000 -0.0000 -1.0000
vn 1.0000 -0.0000 -0.0000
vn -0.0000 -0.0000 1.0000
vn -0.0000 -1.0000 -0.0000
vn -0.0000 1.0000 -0.0000
s 1
f 73//55 74//55 76//55 75//55
f 75//56 76//56 80//56 79//56
f 79//57 80//57 78//57 77//57
f 77//58 78//58 74//58 73//58
f 75//59 79//59 77//59 73//59
f 80//60 76//60 74//60 78//60
